701 GX232-43-0102505 1 9.675607571286523 
701 GX255-56-12408598 2 9.37253078856087 
701 GX229-87-1373283 3 9.337773442153123 
701 GX253-41-3663663 4 9.15875223522792 
701 GX268-35-11839875 5 9.079129744629688 
701 GX253-57-7230055 6 9.022795233838416 
701 GX063-18-3591274 7 9.001251242599619 
701 GX263-63-13628209 8 8.906518213959478 
701 GX006-76-15945590 9 8.899401573807877 
701 GX262-28-10252024 10 8.888429814327623 
701 GX000-48-10208090 11 8.686262546061267 
701 GX064-43-9736582 12 8.686005618736946 
701 GX025-72-6112588 13 8.659528629917382 
701 GX255-59-12399984 14 8.634871251978003 
701 GX015-20-10573408 15 8.61371122811462 
702 GX081-52-6506700 1 67.50030119441143 
702 GX005-38-5649730 2 66.64080710198918 
702 GX001-44-13913188 3 66.49018235163378 
702 GX049-73-2310771 4 65.04685178270577 
702 GX008-12-0372379 5 64.00820920582004 
702 GX048-61-5729137 6 63.634555028184415 
702 GX267-05-8546339 7 62.20571865999623 
702 GX267-08-1070198 8 62.118831659790864 
702 GX008-55-11611507 9 61.95987155397758 
702 GX253-71-4019096 10 59.92238838462545 
702 GX027-18-3385268 11 59.809328953945894 
702 GX271-87-9154916 12 59.18201648699394 
702 GX247-40-9250915 13 58.76716038355927 
702 GX237-12-11943678 14 57.95282290840752 
702 GX001-63-8145721 15 55.09688923660046 
704 GX243-02-1414432 1 14.767664143114274 
704 GX267-03-0676598 2 13.799413657268275 
704 GX235-00-5849063 3 13.682755460708393 
704 GX024-24-13182294 4 13.55853541654655 
704 GX031-89-12713445 5 13.446365767251782 
704 GX234-67-8797411 6 13.374567369509364 
704 GX001-79-3175557 7 13.357893738186519 
704 GX074-94-8673435 8 13.345206593016009 
704 GX003-24-2094074 9 13.309898389019587 
704 GX041-20-3113889 10 13.127922692432575 
704 GX230-48-1328710 11 12.998505792116356 
704 GX018-78-13390485 12 12.915252727124207 
704 GX257-82-6194353 13 12.849662131679608 
704 GX261-30-0019957 14 12.77471709026654 
704 GX008-25-4538957 15 12.739107611971075 
705 GX237-46-6968730 1 30.79565048247507 
705 GX070-41-1113446 2 30.70301327092314 
705 GX256-03-0400508 3 30.69571359858458 
705 GX005-97-3434060 4 30.65982394254836 
705 GX015-34-6126755 5 30.624605166310317 
705 GX008-71-13615464 6 30.248310593326046 
705 GX230-58-6223621 7 29.989506850167817 
705 GX070-40-14495505 8 28.78975163637932 
705 GX237-98-8775079 9 28.67909811406856 
705 GX066-32-13481922 10 28.52813221147381 
705 GX256-24-14913875 11 28.516839075483333 
705 GX232-11-3430864 12 28.43399777961026 
705 GX004-32-9488038 13 28.343103398674998 
705 GX070-36-12424140 14 28.339996447995645 
705 GX237-14-4316559 15 27.872580519999914 
706 GX251-67-13119916 1 14.657650685814833 
706 GX235-47-6604493 2 14.599830110429915 
706 GX037-19-5783018 3 14.498776475065352 
706 GX017-64-14169895 4 14.40010449051631 
706 GX261-42-3677747 5 14.366763301803402 
706 GX270-02-3417465 6 14.341359337167049 
706 GX016-55-7683219 7 14.310298263312529 
706 GX001-21-2455320 8 14.275640688448458 
706 GX023-67-15029916 9 14.260491458626955 
706 GX004-56-13614868 10 14.174233390631844 
706 GX076-47-5461087 11 14.151871909588042 
706 GX252-33-5528681 12 14.145725499958552 
706 GX229-07-0547769 13 14.064673040645493 
706 GX078-25-15739891 14 14.023795402891269 
706 GX235-50-6281395 15 14.00501013851041 
707 GX233-88-6274391 1 22.261588552645303 
707 GX007-40-12106344 2 21.806788452498115 
707 GX003-48-7355996 3 21.588873717584697 
707 GX014-98-1920556 4 21.572107789292534 
707 GX248-39-2339011 5 21.387066390027268 
707 GX028-83-7915839 6 21.13684087306165 
707 GX043-62-10441232 7 21.053539274683388 
707 GX230-81-8635629 8 20.91384931483855 
707 GX001-80-7965570 9 20.606285645250622 
707 GX262-55-12145961 10 20.475699882220518 
707 GX009-27-9159972 11 20.436986223716804 
707 GX229-97-8967396 12 20.283573616703436 
707 GX006-26-8304545 13 20.02908731986529 
707 GX007-07-3099518 14 19.983831240553737 
707 GX011-65-8019171 15 19.970920803245725 
708 GX247-48-0994772 1 25.853524863424767 
708 GX031-00-5916014 2 25.77440432461882 
708 GX262-43-10150640 3 25.313889904536797 
708 GX001-35-0432171 4 25.27224329416197 
708 GX228-81-4070084 5 24.9220702254253 
708 GX260-90-1164583 6 24.68408562817932 
708 GX205-31-0825991 7 24.57282147813609 
708 GX246-15-0910176 8 24.281090512481185 
708 GX240-78-5119893 9 24.216145936686416 
708 GX267-68-11849880 10 23.84164145074409 
708 GX016-55-7553484 11 23.793007675133083 
708 GX252-02-3453148 12 23.575236607565365 
708 GX242-89-1884425 13 23.548775507666495 
708 GX023-70-8025583 14 23.51259552927064 
708 GX225-66-16487272 15 23.501581975766673 
709 GX262-85-11270874 1 33.99820739938984 
709 GX245-11-11266161 2 33.60758338189255 
709 GX250-99-11284676 3 33.605896786465294 
709 GX271-74-0546425 4 33.45594733539963 
709 GX246-37-10366576 5 33.42598570333643 
709 GX238-00-0355367 6 33.374980000474594 
709 GX237-15-8118646 7 33.36491440817657 
709 GX243-57-11355589 8 33.298823963301025 
709 GX246-38-2703753 9 33.27297124930393 
709 GX246-35-4289557 10 33.17623104028943 
709 GX253-06-14775839 11 33.157776444652086 
709 GX248-50-14617650 12 33.150834488137036 
709 GX227-53-8692184 13 33.13473919962337 
709 GX271-37-14516566 14 33.085753757008085 
709 GX235-12-14963469 15 33.07958190213009 
711 GX231-25-8426166 1 20.464564172865465 
711 GX015-06-2467230 2 20.232119404346975 
711 GX028-99-9654430 3 19.77476437802537 
711 GX064-04-10104476 4 19.713088103398285 
711 GX075-84-11484781 5 19.210819762777376 
711 GX000-69-6846304 6 19.206695594448927 
711 GX256-71-0219482 7 19.161054975097258 
711 GX251-46-3401846 8 19.14260320725667 
711 GX020-36-14224421 9 19.116965531393767 
711 GX241-45-10854109 10 18.752628308857254 
711 GX002-32-11106344 11 18.62211695108456 
711 GX257-66-12651441 12 18.42944605685406 
711 GX261-87-10785018 13 18.426229791369856 
711 GX069-46-3201180 14 18.321952258735728 
711 GX066-82-15924903 15 18.21857493055589 
712 GX233-42-4224750 1 20.826074257716538 
712 GX010-87-0022787 2 20.738737764141487 
712 GX257-64-7978930 3 20.71920171781008 
712 GX026-98-1293521 4 20.695895100197838 
712 GX267-93-11079414 5 20.646464357094032 
712 GX264-27-8754360 6 20.600890727326394 
712 GX252-03-14663851 7 20.458140664300522 
712 GX023-29-11275981 8 20.44480071361324 
712 GX263-76-1429980 9 20.267771607089216 
712 GX079-61-6655408 10 19.881589175970525 
712 GX238-51-14158726 11 19.760518311969165 
712 GX235-02-3544566 12 19.635967634840778 
712 GX001-43-0085597 13 19.593918679694745 
712 GX234-51-5074069 14 19.544786100834116 
712 GX255-52-5120856 15 19.48785157131637 
713 GX247-92-3309917 1 26.449634613124616 
713 GX250-90-9016037 2 26.367740746928977 
713 GX261-10-9975948 3 25.99806837468336 
713 GX241-15-4337288 4 23.671464188259947 
713 GX263-79-11763006 5 23.634905877114246 
713 GX029-33-12693884 6 23.589567773037125 
713 GX240-87-3277355 7 23.222021636805405 
713 GX244-44-1137477 8 23.19055109534722 
713 GX256-83-11559847 9 23.081546373645615 
713 GX113-87-1601409 10 23.03560864885233 
713 GX253-42-8683509 11 23.012166914209025 
713 GX066-88-12622873 12 22.935016306084076 
713 GX255-12-5994883 13 22.92783892781981 
713 GX241-58-8773705 14 22.86022764437785 
713 GX242-22-13266483 15 22.84383990554967 
714 GX024-28-12746267 1 24.890508638734175 
714 GX005-82-0418502 2 24.724797366678274 
714 GX261-87-8103502 3 24.33888635203135 
714 GX268-76-15687619 4 24.09004284846583 
714 GX030-35-15523356 5 24.080149889392093 
714 GX230-88-16182282 6 24.00779200663809 
714 GX238-98-6238053 7 24.000138633832147 
714 GX231-29-9626020 8 23.991891361948344 
714 GX231-46-2838862 9 23.820210747594878 
714 GX024-40-9177087 10 23.80730508978598 
714 GX237-33-5335919 11 23.72028463686069 
714 GX268-25-11322580 12 23.597067678548115 
714 GX024-21-8854148 13 23.57420254101482 
714 GX251-76-3822891 14 23.505036194075355 
714 GX248-46-3853768 15 23.470335855976323 
716 GX011-38-9908119 1 40.880354557141665 
716 GX022-59-12383077 2 39.365240678778775 
716 GX027-60-9228196 3 38.92091219761676 
716 GX232-86-4951346 4 38.75176558354996 
716 GX246-76-1964977 5 37.9432866407987 
716 GX002-01-16503738 6 37.612154099853285 
716 GX250-98-0888237 7 37.21382433465354 
716 GX046-56-1876649 8 37.0012591273269 
716 GX234-28-1251260 9 34.90089313069543 
716 GX012-62-8042090 10 34.7006682769815 
716 GX034-84-2322785 11 34.69740247999019 
716 GX012-61-3658271 12 33.897847766381624 
716 GX259-43-8858535 13 33.88066430557321 
716 GX012-64-9003281 14 33.36650459833942 
716 GX070-60-16087461 15 33.18297336221654 
722 GX019-22-3409182 1 16.87269211467725 
722 GX089-46-9433333 2 16.853570488580974 
722 GX053-55-14832197 3 16.7290031591531 
722 GX233-07-7630088 4 16.725389344444718 
722 GX256-24-14913875 5 16.706893326920905 
722 GX259-90-13245019 6 16.69440103201942 
722 GX260-99-13281963 7 16.681713933645526 
722 GX256-12-6783569 8 16.673396747522865 
722 GX257-16-1051065 9 16.668364165242266 
722 GX261-56-15379075 10 16.651900113727596 
722 GX063-11-10301215 11 16.646069894070244 
722 GX260-59-13195488 12 16.643927222480787 
722 GX069-46-5199976 13 16.630883457004593 
722 GX256-99-16682538 14 16.626998156499155 
722 GX256-59-3824804 15 16.626557990986136 
723 GX230-97-9036191 1 13.043887449951379 
723 GX243-56-3968925 2 12.75189148739629 
723 GX254-46-5778137 3 12.428331918081636 
723 GX247-44-2509657 4 12.401071649423566 
723 GX261-63-10205899 5 12.211144342234913 
723 GX262-22-9565249 6 11.950505350463214 
723 GX016-66-7308971 7 11.785530686208151 
723 GX233-64-13883688 8 11.537321032755344 
723 GX054-57-15572874 9 11.521545463778093 
723 GX260-61-15953151 10 11.518510455997498 
723 GX130-84-16036993 11 11.51130586437693 
723 GX236-53-4973472 12 11.50802321082477 
723 GX044-61-16726360 13 11.489296738269822 
723 GX004-68-5880898 14 11.420835062685667 
723 GX004-05-11052588 15 11.093982048076848 
724 GX022-62-5865865 1 29.845811542234507 
724 GX008-15-0860531 2 27.375331906335852 
724 GX143-50-7683833 3 25.633861895495173 
724 GX074-32-8691606 4 18.57585629165875 
724 GX257-16-1051065 5 18.320673510016743 
724 GX146-15-2534811 6 17.08275075548096 
724 GX151-90-4992474 7 16.688555415524743 
724 GX070-37-2649398 8 16.109109325521192 
724 GX041-20-3113889 9 15.829950933778155 
724 GX087-71-3016784 10 15.509597139564786 
724 GX021-78-1046039 11 15.486277990990732 
724 GX225-79-13747494 12 15.085731633180915 
724 GX017-78-2438266 13 14.892215416954645 
724 GX059-13-0143325 14 14.867214071201474 
724 GX230-48-1328710 15 14.787222066773694 
725 GX027-57-14746895 1 22.152949454124126 
725 GX021-86-8197321 2 21.89243459097157 
725 GX262-04-0023838 3 21.87605983619653 
725 GX016-25-15804529 4 21.872503081597365 
725 GX027-55-2509079 5 21.78815229754639 
725 GX206-72-16638595 6 21.647012724975617 
725 GX026-00-15557747 7 21.62840333854584 
725 GX242-34-1417256 8 21.52211284933063 
725 GX077-08-13502532 9 21.453988527660456 
725 GX055-95-14844090 10 21.41510296347282 
725 GX041-67-6475543 11 21.377349494304525 
725 GX237-19-14749559 12 21.352167983149837 
725 GX249-13-4025085 13 21.32869810796171 
725 GX010-75-1336863 14 21.328268254119916 
725 GX016-39-8735560 15 21.29084855618227 
727 GX001-07-10752136 1 23.82824311290937 
727 GX034-26-7627951 2 23.425531001281044 
727 GX237-25-7779619 3 23.237838557953978 
727 GX009-24-15435843 4 23.13911360254311 
727 GX055-45-5836689 5 23.08972731391663 
727 GX016-31-13674537 6 21.048193065375095 
727 GX236-43-8327531 7 20.40940643042105 
727 GX008-75-4078485 8 20.128150892757514 
727 GX034-25-3540588 9 20.038003890824708 
727 GX270-43-15995450 10 19.81064321467399 
727 GX250-08-10474117 11 19.53813041164801 
727 GX034-25-4216420 12 19.508322506131123 
727 GX065-37-7366413 13 19.480375772870765 
727 GX034-26-5430656 14 19.476632438056345 
727 GX029-79-2451902 15 19.472275302094747 
729 GX251-78-3969127 1 35.013657865263944 
729 GX012-80-10678972 2 34.13723856688206 
729 GX021-69-7441405 3 33.01432199718936 
729 GX141-85-0759327 4 30.91649141794455 
729 GX059-92-5260018 5 30.11972193955044 
729 GX139-69-11160501 6 29.182065132009058 
729 GX132-44-9281839 7 29.17681968691644 
729 GX015-46-13202292 8 28.767478693460916 
729 GX007-34-11003655 9 27.901133228049964 
729 GX080-72-6425825 10 27.570024742122097 
729 GX040-92-5087650 11 25.902450308340217 
729 GX251-81-7927571 12 25.387242920523022 
729 GX252-61-7922284 13 21.24046440666133 
729 GX003-20-15561399 14 21.13317761600058 
729 GX095-61-11486545 15 20.39187419440291 
730 GX002-47-9843744 1 40.430859144151626 
730 GX015-32-10433276 2 37.06412314882316 
730 GX056-99-16683609 3 36.89317457440831 
730 GX043-04-10175853 4 36.87789446282687 
730 GX256-45-14492043 5 36.755859892711115 
730 GX012-94-0685684 6 36.66679785928258 
730 GX001-86-3512020 7 36.5602442884943 
730 GX082-55-1019325 8 36.45277299844591 
730 GX243-58-6973567 9 36.23172529049398 
730 GX005-02-4464054 10 35.755477503785954 
730 GX232-99-0001353 11 35.63073143241261 
730 GX262-43-10315912 12 35.56938011937562 
730 GX021-28-8952790 13 35.22397607179459 
730 GX232-11-4389437 14 35.193676856236436 
730 GX015-70-4167269 15 35.10347411498568 
733 GX028-84-14233612 1 23.59997976869777 
733 GX234-73-2579081 2 22.814105250189954 
733 GX034-48-13674170 3 22.32244110697878 
733 GX227-47-1477729 4 22.19745298232698 
733 GX041-44-12926522 5 22.112509296524742 
733 GX145-56-8218397 6 22.066514787110552 
733 GX007-54-2175462 7 21.865412753605547 
733 GX015-85-1034597 8 21.849267071200217 
733 GX256-75-3081043 9 21.534348131418614 
733 GX047-96-3355830 10 21.5144549117529 
733 GX261-93-15694512 11 21.499574737403933 
733 GX156-69-4089793 12 21.303197158375212 
733 GX232-09-11936186 13 21.258851779766132 
733 GX033-76-6625972 14 21.042614756900736 
733 GX008-90-1758029 15 20.96716787327562 
735 GX047-91-5024058 1 26.979800919583806 
735 GX051-19-5133766 2 26.682072564202336 
735 GX060-73-1148806 3 26.672663890990542 
735 GX054-64-16211491 4 26.656488374481647 
735 GX254-71-10322303 5 26.547835595956307 
735 GX038-83-4991414 6 26.501955982659588 
735 GX038-61-12270163 7 26.41201358996866 
735 GX261-71-15887160 8 26.26053193436497 
735 GX016-46-15939314 9 26.048429510468793 
735 GX026-69-12728019 10 25.81087638851482 
735 GX024-50-15429036 11 25.800699700539145 
735 GX020-73-9946416 12 25.719453362304208 
735 GX030-45-15369635 13 25.609119011842317 
735 GX053-76-3170604 14 25.606202075825035 
735 GX260-70-8779175 15 25.468373562341664 
737 GX054-19-10921158 1 32.275141846519766 
737 GX027-31-8572896 2 31.728933632468106 
737 GX232-96-13853404 3 31.484023418504485 
737 GX055-09-4063973 4 31.391711439078705 
737 GX055-37-15012238 5 31.322815440173926 
737 GX260-53-11897158 6 31.145504830625597 
737 GX016-31-2100354 7 31.011510107408775 
737 GX242-16-7138628 8 30.954960153344096 
737 GX243-00-13488155 9 30.928815445825506 
737 GX003-19-10052082 10 30.868929720749897 
737 GX041-70-4331887 11 30.660909004847646 
737 GX052-69-13719571 12 30.653141114607056 
737 GX029-06-4661961 13 30.545338660747287 
737 GX030-68-5504182 14 30.2201983707401 
737 GX240-66-1033049 15 30.073726785628757 
738 GX087-61-12379524 1 25.28392630604295 
738 GX048-46-2709423 2 25.15560214900828 
738 GX012-43-0650616 3 25.003711920447305 
738 GX012-50-2664354 4 24.898667827712725 
738 GX006-42-15335963 5 24.415759949862814 
738 GX021-74-16720731 6 24.028161248125656 
738 GX009-60-11816999 7 23.942205464085802 
738 GX056-98-16589941 8 23.9017106278491 
738 GX074-72-7362576 9 23.86345020072943 
738 GX268-26-10467629 10 23.792606845671685 
738 GX269-16-11472617 11 23.79143173543311 
738 GX242-62-7229976 12 23.777631658500745 
738 GX019-99-7053346 13 23.770479945829138 
738 GX002-41-8193706 14 23.718689056176327 
738 GX237-86-15337321 15 23.716758704521922 
739 GX166-46-12605484 1 7.446526492435423 
739 GX000-47-16664622 2 7.169406058619504 
739 GX240-92-7416536 3 6.9127198110783805 
739 GX018-22-7370077 4 6.910052102206572 
739 GX268-44-1955857 5 6.885173172360412 
739 GX261-20-9796539 6 6.864160195323488 
739 GX256-29-1611571 7 6.861106618873751 
739 GX239-44-9365117 8 6.858975061581967 
739 GX019-11-13662495 9 6.8524021227496315 
739 GX236-50-13403614 10 6.850995465316797 
739 GX252-95-7775147 11 6.842167192687056 
739 GX261-03-9419964 12 6.83733150839769 
739 GX260-91-9377046 13 6.836616030156377 
739 GX161-74-16296775 14 6.835388296988083 
739 GX272-36-14479646 15 6.82811348403049 
740 GX265-06-5380204 1 12.124258409952397 
740 GX264-28-2445174 2 12.12303195211997 
740 GX265-60-5380139 3 12.111520753774371 
740 GX270-59-16204205 4 12.09500723301823 
740 GX264-57-14247325 5 12.0613613824251 
740 GX270-83-3853615 6 12.017164219767562 
740 GX272-03-15560908 7 12.01047886635215 
740 GX270-93-4603181 8 11.892733257499078 
740 GX238-62-14115984 9 11.846411605424988 
740 GX268-44-16055966 10 11.696959483145292 
740 GX270-57-0055934 11 11.669882669937843 
740 GX270-23-5925323 12 11.644197444221327 
740 GX242-54-0999505 13 11.62434413661791 
740 GX245-65-7175052 14 11.52475324931835 
740 GX263-15-16009804 15 11.48551798779519 
741 GX074-74-3524237 1 13.709136659403297 
741 GX045-47-5287800 2 13.628707429829916 
741 GX002-55-15535006 3 13.627499531636463 
741 GX163-59-16167630 4 13.60928099320967 
741 GX005-81-4402690 5 13.602834032016704 
741 GX067-27-15132304 6 13.59774953444121 
741 GX181-34-12980023 7 13.537104797295859 
741 GX172-62-16170307 8 13.536776290438237 
741 GX068-59-1192385 9 13.51819614837071 
741 GX255-70-11275467 10 13.499728662693146 
741 GX160-97-14180874 11 13.493940803704891 
741 GX161-40-14898113 12 13.485886625718669 
741 GX000-10-4524900 13 13.47716775065333 
741 GX229-81-14060162 14 13.462277562488678 
741 GX068-03-12817035 15 13.458701509448472 
743 GX050-62-0055087 1 17.86576044171174 
743 GX253-87-16296738 2 17.822544631623646 
743 GX089-50-9947514 3 17.25077551634392 
743 GX181-01-15942716 4 17.16148419982948 
743 GX230-68-1046238 5 17.05110712417129 
743 GX230-90-13905855 6 16.866573836696933 
743 GX241-52-11993656 7 16.77304093682065 
743 GX243-97-0649005 8 16.69106954907228 
743 GX134-50-1701043 9 16.651458663580957 
743 GX243-58-11705819 10 16.617515446287168 
743 GX042-80-9679861 11 16.394150945918156 
743 GX253-57-7230055 12 16.24413581778534 
743 GX013-84-14640556 13 16.226768484141537 
743 GX243-83-4237208 14 15.989774116544533 
743 GX044-74-9685821 15 15.790044710861313 
745 GX001-98-0763964 1 28.381567152278276 
745 GX018-49-2810081 2 26.35457008746199 
745 GX269-16-11472617 3 25.659950658496733 
745 GX019-99-7053346 4 25.541489015559492 
745 GX155-77-6891182 5 25.31412766329223 
745 GX036-28-13590232 6 25.299585774204026 
745 GX057-87-6701199 7 25.24266146903453 
745 GX168-63-13162107 8 24.89600247957438 
745 GX071-82-16661239 9 24.443230412667432 
745 GX067-94-8848857 10 23.961101619641624 
745 GX133-56-10148278 11 23.932012313130464 
745 GX244-94-15161827 12 23.817708843717323 
745 GX255-65-1260480 13 23.723802950168647 
745 GX017-39-8271228 14 22.70297891628185 
745 GX017-59-10199867 15 22.548465385117666 
746 GX043-14-10596235 1 24.313032488099275 
746 GX073-35-4708501 2 23.839112980747977 
746 GX239-01-8714928 3 23.32485138933374 
746 GX093-30-9024359 4 23.196779818501696 
746 GX047-85-16493242 5 23.07107879431975 
746 GX256-78-10732355 6 22.975050344116543 
746 GX257-28-11106222 7 22.801973215264884 
746 GX048-75-3557581 8 22.574025698519286 
746 GX242-08-5482437 9 22.515015297684283 
746 GX042-33-7941751 10 22.376865268398817 
746 GX031-15-0097201 11 21.969446548009284 
746 GX271-29-3328059 12 21.922842703596462 
746 GX265-84-7041783 13 21.797837695705965 
746 GX048-20-15461056 14 21.72824222011432 
746 GX188-72-2018402 15 21.711462332483467 
747 GX257-85-7401430 1 12.041800783691185 
747 GX034-20-13058451 2 11.884642524655506 
747 GX257-58-1052846 3 11.728722123373387 
747 GX004-08-5350982 4 11.71226375319888 
747 GX253-62-1725908 5 11.682524775315137 
747 GX261-93-7846309 6 11.672041030550755 
747 GX270-94-7563339 7 11.66724292196039 
747 GX253-95-4998145 8 11.65787354254799 
747 GX272-62-9424647 9 11.482073956039248 
747 GX256-57-5665543 10 11.21393635339825 
747 GX247-08-16020366 11 10.909922756834394 
747 GX058-69-8280576 12 10.89743129081836 
747 GX233-05-9583623 13 10.657249468481945 
747 GX250-09-16391353 14 10.496103743529812 
747 GX238-93-6480553 15 10.476121816900541 
749 GX012-55-8727084 1 16.453172153326662 
749 GX239-02-8625848 2 16.31696905849457 
749 GX045-44-14908338 3 16.306658149729728 
749 GX001-60-13661262 4 14.483691342327877 
749 GX171-20-9717793 5 14.456294137798565 
749 GX171-02-14666739 6 13.946841789204587 
749 GX053-45-15895477 7 13.887128970344794 
749 GX004-64-8450144 8 13.680314107889597 
749 GX039-42-8013589 9 13.549557797911348 
749 GX004-27-4737115 10 13.458760928381144 
749 GX024-95-12710212 11 13.449314873961072 
749 GX242-13-15245666 12 13.217679919069164 
749 GX019-61-0434603 13 12.961629282982921 
749 GX083-43-0842918 14 12.936008002753299 
749 GX027-63-0530736 15 12.88968608828119 
750 GX105-14-16036442 1 51.24855445683732 
750 GX026-10-6349265 2 49.79333210864344 
750 GX062-50-7064386 3 49.40967010433515 
750 GX267-71-9676324 4 48.486329370193936 
750 GX016-90-16266790 5 46.62026390834411 
750 GX008-89-13408841 6 44.43394494917541 
750 GX020-37-6587315 7 42.80831030518204 
750 GX027-18-10108767 8 42.6475085994932 
750 GX001-28-1213107 9 42.429922287224684 
750 GX233-86-13327098 10 42.13586935076606 
750 GX032-08-7220157 11 42.10500117079772 
750 GX014-75-11217120 12 41.18461471038448 
750 GX097-29-15216539 13 40.62972800793153 
750 GX270-85-12054178 14 40.39505935722091 
750 GX242-61-10269357 15 40.21821892678363 
751 GX070-27-10960480 1 38.9640602311583 
751 GX248-55-14158483 2 37.629405249940085 
751 GX022-84-5952064 3 35.112928454042034 
751 GX019-51-6125705 4 34.95627038290062 
751 GX147-75-4934258 5 34.26770498710841 
751 GX170-50-2341698 6 33.92896236907048 
751 GX127-20-5794936 7 33.8089664635751 
751 GX207-78-9757079 8 33.740683217714206 
751 GX255-55-12099440 9 33.594792057792546 
751 GX259-88-9097611 10 33.024891477104035 
751 GX101-11-7758618 11 31.86416695809266 
751 GX244-24-11710039 12 31.504614017445697 
751 GX229-34-12927559 13 30.990421976746116 
751 GX093-96-4242310 14 30.872887676715663 
751 GX094-11-1201009 15 30.824792485997392 
752 GX150-59-2263943 1 14.775476100330298 
752 GX257-13-8853002 2 14.70776110050614 
752 GX259-90-14713875 3 14.697711910631636 
752 GX150-70-9367230 4 14.690541398444402 
752 GX237-60-9963809 5 14.649112946408511 
752 GX153-10-9318102 6 14.633234588601104 
752 GX270-60-10681361 7 14.628336128376533 
752 GX262-68-4979316 8 14.621609701951531 
752 GX229-95-8882853 9 14.611586855893389 
752 GX141-76-2021254 10 14.550990866853013 
752 GX066-68-11598655 11 14.547966095887121 
752 GX141-69-12102738 12 14.534951462326571 
752 GX069-06-15070144 13 14.531265664015407 
752 GX262-70-3482225 14 14.52415950475812 
752 GX065-03-15338329 15 14.520561161126254 
753 GX259-13-10682905 1 19.92177200717949 
753 GX271-31-16667465 2 19.865976718853307 
753 GX265-81-6482285 3 19.830509012747402 
753 GX269-52-12630736 4 19.81668159398959 
753 GX252-36-1084970 5 19.81411429258275 
753 GX229-93-12331805 6 19.79230440073267 
753 GX251-09-15641167 7 19.785332879918716 
753 GX259-98-1573821 8 19.734756687107527 
753 GX063-59-15996259 9 19.719638195230974 
753 GX256-68-4996223 10 19.680338407199596 
753 GX266-77-14425785 11 19.568438284567296 
753 GX263-57-5703493 12 19.535281270371044 
753 GX268-19-0890702 13 19.504317301410286 
753 GX015-80-5577428 14 19.49980047422505 
753 GX013-07-10794300 15 19.392799041621096 
755 GX026-56-9787501 1 27.37614781615014 
755 GX246-32-5710943 2 27.104749124473614 
755 GX031-21-1679669 3 25.186944796787657 
755 GX037-54-7811923 4 24.500905039142996 
755 GX052-72-0976327 5 23.28052685100426 
755 GX044-95-0750022 6 23.127142996081005 
755 GX007-33-7195349 7 23.116317259614153 
755 GX246-33-2244644 8 23.07307023200526 
755 GX045-62-10004015 9 22.863370857063163 
755 GX029-17-1728530 10 22.766654447759837 
755 GX033-97-8077308 11 22.670472712686205 
755 GX187-05-14264786 12 22.520967328030792 
755 GX120-29-9310370 13 22.498765285400573 
755 GX058-68-12935160 14 22.33161257601622 
755 GX245-63-11626917 15 22.284733849373538 
757 GX009-80-16760029 1 13.81427884269997 
757 GX022-73-7627914 2 13.768438234132958 
757 GX012-89-1164035 3 13.659575905377695 
757 GX019-11-13662495 4 13.486234254664812 
757 GX263-91-12122725 5 13.484659353089969 
757 GX233-37-7282946 6 13.238048917358254 
757 GX067-14-14099023 7 13.223975892728502 
757 GX250-88-8305271 8 13.212742737385902 
757 GX236-72-16770519 9 13.206043299625984 
757 GX010-67-14370619 10 13.156756242314694 
757 GX025-33-4254186 11 13.149631537687316 
757 GX112-16-5393179 12 13.148058459614692 
757 GX110-19-13682441 13 13.144139391969931 
757 GX007-62-1213196 14 13.118768587896009 
757 GX003-92-9546228 15 13.116465017430494 
760 GX050-97-10618975 1 27.411192544899183 
760 GX068-78-2137752 2 26.888825582124262 
760 GX243-35-11861587 3 26.761557017138035 
760 GX029-69-11464944 4 26.470579002273134 
760 GX016-04-1437459 5 26.310905088864722 
760 GX230-04-7474067 6 25.823856664007092 
760 GX230-14-13301582 7 25.488827839394116 
760 GX238-65-7074645 8 25.273339628995053 
760 GX048-84-2667929 9 25.259999294261142 
760 GX016-49-16607000 10 25.246429543147418 
760 GX017-14-16445432 11 25.202064518214378 
760 GX061-13-14556424 12 25.126277369610385 
760 GX123-44-9725039 13 25.092073142597624 
760 GX021-11-3873241 14 25.067087045329732 
760 GX010-19-0932978 15 24.992400170347565 
761 GX259-04-4251586 1 19.71075322909116 
761 GX264-81-15183454 2 18.931494850168157 
761 GX085-51-15352645 3 18.214399298098595 
761 GX262-83-13710433 4 18.159043602118732 
761 GX009-12-13917830 5 18.107654547961992 
761 GX267-00-11115795 6 18.064909070946317 
761 GX268-55-9791226 7 17.985846953808583 
761 GX024-59-2675616 8 17.621799084006827 
761 GX252-88-15727942 9 17.51150071081029 
761 GX042-04-16047828 10 17.44578369557335 
761 GX106-69-10492652 11 17.27456093180839 
761 GX028-86-14173389 12 17.15479698376952 
761 GX247-45-3622520 13 16.630541846080675 
761 GX004-20-13012991 14 16.567202569157164 
761 GX262-08-5685957 15 16.554032153218103 
763 GX266-25-16067687 1 17.225029655426773 
763 GX043-58-8472990 2 16.12422742752777 
763 GX248-26-5700614 3 15.896468793102358 
763 GX272-13-8411847 4 15.89489334236162 
763 GX267-49-13770353 5 15.874421063592248 
763 GX247-14-11463530 6 15.797975136642052 
763 GX265-88-9665325 7 15.653522344587394 
763 GX234-38-3209731 8 15.275056900700049 
763 GX052-02-14603839 9 14.947112131182303 
763 GX268-74-13045505 10 14.890018854890357 
763 GX017-72-10409089 11 14.79837549226967 
763 GX015-17-10826077 12 14.564567841058194 
763 GX021-54-13331153 13 14.522029615403245 
763 GX264-31-15929773 14 14.39751213174755 
763 GX266-09-13594400 15 13.856393344228662 
770 GX166-82-12662566 1 12.623058728288816 
770 GX026-24-16279009 2 5.7529071845856175 
770 GX012-42-3233866 3 4.851816748102932 
770 GX028-61-4191034 4 4.811137632843536 
770 GX022-75-4934781 5 4.740567709190656 
770 GX026-08-3686448 6 4.731659221296669 
770 GX050-23-3123337 7 4.1794684830236895 
770 GX242-94-1136169 8 4.065687094420792 
770 GX050-67-7595370 9 3.9765774683267026 
770 GX076-19-0073193 10 3.946453252673622 
770 GX012-00-16297751 11 3.853726542585957 
770 GX061-72-12630011 12 3.710249248583548 
770 GX016-51-2435743 13 3.706212503199153 
770 GX051-12-8737737 14 3.6505208385181684 
770 GX047-39-4198502 15 3.6003514450353955 
771 GX241-02-0735480 1 34.193208186168185 
771 GX232-66-10836522 2 34.03510323021312 
771 GX082-67-14931420 3 33.659040771590824 
771 GX106-96-5315736 4 33.388783631875526 
771 GX065-40-4375454 5 33.274325395035234 
771 GX119-13-12449101 6 33.218434677382476 
771 GX121-54-12752879 7 33.1425501954058 
771 GX006-11-13648004 8 32.879123707312765 
771 GX079-32-2300262 9 32.80784925448193 
771 GX254-35-3328992 10 32.65317427505996 
771 GX235-20-8549989 11 32.60094788905974 
771 GX042-12-14970992 12 32.588690169935106 
771 GX272-77-16142836 13 32.558067579591835 
771 GX004-19-3547597 14 32.53556474796825 
771 GX054-36-12804404 15 32.49748326711944 
772 GX007-43-9764169 1 13.126766889272666 
772 GX034-38-14103213 2 12.303899597166708 
772 GX242-51-10835015 3 12.23663025406281 
772 GX231-84-7573542 4 12.122632799793838 
772 GX253-21-9570768 5 11.62260797952356 
772 GX032-43-13795513 6 11.567001614604488 
772 GX243-27-4566844 7 11.509261652275345 
772 GX252-48-7348844 8 11.440929254448701 
772 GX001-29-1560403 9 11.421788280344611 
772 GX229-31-9751198 10 11.06592994951924 
772 GX240-86-14098064 11 11.011463341233931 
772 GX231-94-4688378 12 10.918664437892986 
772 GX235-19-2240262 13 10.91705167038116 
772 GX240-04-8727945 14 10.771826355742927 
772 GX264-43-15047047 15 10.667895128783783 
776 GX265-80-0451668 1 17.074761853564585 
776 GX257-23-14105637 2 16.877634644705697 
776 GX255-52-0450453 3 16.87539520936743 
776 GX031-39-7722208 4 16.871222868875957 
776 GX233-74-3391812 5 16.812080128006794 
776 GX252-15-14240989 6 16.804407694132415 
776 GX255-75-6596681 7 16.797654029657348 
776 GX250-34-15846061 8 16.67596884325597 
776 GX253-03-11964071 9 16.59532661962725 
776 GX263-96-12791397 10 16.40375753299219 
776 GX045-56-15633018 11 16.355920508471588 
776 GX233-90-14371690 12 16.32981774043067 
776 GX025-60-5876656 13 16.319900032237932 
776 GX234-92-7198701 14 16.29172774335334 
776 GX252-26-12721784 15 16.16524523556239 
782 GX066-21-12956284 1 15.186127549347805 
782 GX066-26-8613527 2 15.179599097001066 
782 GX066-27-6444779 3 15.147427996946622 
782 GX066-25-3328984 4 15.144153281287286 
782 GX066-27-0346101 5 15.140861157155381 
782 GX259-78-7224959 6 15.14068141504706 
782 GX066-29-9651448 7 15.133235131295926 
782 GX066-23-3655223 8 15.109836745585545 
782 GX066-23-6252221 9 15.108552214662115 
782 GX066-29-13789299 10 15.107210385451559 
782 GX066-30-0819716 11 15.102660497097048 
782 GX066-24-16608110 12 15.101430815585317 
782 GX066-18-3751900 13 15.099595393293413 
782 GX066-25-15225941 14 15.097411302874704 
782 GX066-21-14134258 15 15.094191913901959 
792 GX027-30-0786032 1 7.027149293718145 
792 GX027-26-15406197 2 6.996854092787124 
792 GX014-79-7754964 3 6.968408298124667 
792 GX017-08-6496610 4 6.959797781540082 
792 GX062-84-12571452 5 6.958994056652179 
792 GX034-92-8112671 6 6.947636870557187 
792 GX039-17-1689020 7 6.942483366093848 
792 GX201-63-15574639 8 6.929678254570473 
792 GX255-25-14406565 9 6.912333107290804 
792 GX053-19-2788724 10 6.890738380326851 
792 GX027-22-0802131 11 6.884954812969461 
792 GX026-99-6890829 12 6.860092088636061 
792 GX255-68-11048911 13 6.856038619228174 
792 GX043-96-16261289 14 6.823857548046206 
792 GX232-77-5654409 15 6.814422619591673 
794 GX255-72-7840577 1 21.69025845541329 
794 GX010-27-2862319 2 21.138030861952537 
794 GX263-79-8191119 3 20.75447688097439 
794 GX012-95-3579128 4 20.347113665624153 
794 GX250-18-5336258 5 20.313920380438326 
794 GX232-66-11842910 6 20.301237973033352 
794 GX233-47-2498421 7 20.25845459453361 
794 GX003-59-11845115 8 20.155914222758934 
794 GX062-61-6969183 9 20.111508836964507 
794 GX010-93-2922210 10 20.101578349752398 
794 GX030-22-4908601 11 20.09174616092406 
794 GX257-38-16497232 12 19.96705701529418 
794 GX028-30-13928187 13 19.64098028813756 
794 GX247-87-16305978 14 19.533789563072023 
794 GX043-96-12124632 15 19.314571181079945 
795 GX113-26-1412950 1 28.218777430709963 
795 GX136-32-0257893 2 28.01990600464866 
795 GX214-58-11093919 3 27.96419874931179 
795 GX262-46-1133586 4 26.691548575884593 
795 GX271-37-7635248 5 26.66735622734537 
795 GX257-11-7385536 6 26.661780975391462 
795 GX135-70-10203214 7 25.780267892684737 
795 GX038-17-11264839 8 25.691637279516037 
795 GX267-44-14785654 9 25.174263840564613 
795 GX121-89-9629354 10 25.011419692690904 
795 GX229-59-0774314 11 24.328576374150487 
795 GX108-37-3863619 12 23.870738359401017 
795 GX243-18-12400502 13 23.734232059743455 
795 GX096-05-8963550 14 23.544517277397226 
795 GX094-40-0307872 15 23.53992796881419 
798 GX029-44-14430247 1 25.770813462812562 
798 GX053-29-4920216 2 25.019373790856186 
798 GX015-70-10937719 3 24.51360825174511 
798 GX124-90-6717137 4 24.504793244811275 
798 GX084-10-10472349 5 24.359487101656672 
798 GX240-07-2222632 6 24.083722767115006 
798 GX238-02-2374459 7 24.06791544693405 
798 GX229-26-1193805 8 24.02507219019472 
798 GX045-26-6448908 9 24.010241040322157 
798 GX096-45-9174589 10 23.9820883594595 
798 GX034-54-5830617 11 23.45080682512309 
798 GX033-05-7334932 12 23.401240370898037 
798 GX053-23-0531268 13 23.373787352581967 
798 GX107-12-15790831 14 23.314747378243588 
798 GX021-08-13644385 15 23.240024140297002 
801 GX010-54-6183338 1 23.75143626332074 
801 GX044-94-7273750 2 22.77299248682279 
801 GX016-16-2824629 3 21.726313274523648 
801 GX271-06-13456746 4 21.648021199151813 
801 GX242-10-8963548 5 21.53318092982132 
801 GX055-31-16374010 6 20.279218103632818 
801 GX057-70-9085375 7 19.828643019112107 
801 GX029-66-12911958 8 19.52297393782654 
801 GX253-30-1405615 9 19.30224903747486 
801 GX044-86-11878882 10 19.228872332123984 
801 GX240-42-4362738 11 19.07011616306192 
801 GX244-33-13813426 12 19.06379973124394 
801 GX230-79-12969133 13 19.041894767755768 
801 GX269-83-5991708 14 18.944882977360884 
801 GX235-15-7448103 15 18.930336062841512 
802 GX010-53-13889535 1 31.815453482978157 
802 GX011-67-14143188 2 31.449517069438507 
802 GX056-80-8507274 3 31.344698012127264 
802 GX257-53-16421600 4 30.836282111288423 
802 GX230-01-7215904 5 30.786843909483977 
802 GX013-28-14475109 6 30.348076641840496 
802 GX048-66-6720041 7 30.27703400333931 
802 GX000-46-4667412 8 30.128119778922635 
802 GX013-22-12048080 9 29.91798450892506 
802 GX058-52-0590561 10 29.912837711233998 
802 GX002-83-12742671 11 29.829048556862773 
802 GX008-87-0169546 12 29.813400684939463 
802 GX012-85-2483942 13 29.801491721285004 
802 GX048-40-13224967 14 29.783089344729703 
802 GX229-36-2314339 15 29.74567882258961 
804 GX030-62-2172797 1 36.815794869153805 
804 GX041-21-0227254 2 35.025676082755396 
804 GX025-06-0773983 3 34.33663259468742 
804 GX004-61-13204251 4 34.11210004375877 
804 GX020-03-10038187 5 33.95497563427751 
804 GX256-23-2922415 6 33.92862599545006 
804 GX020-07-4495472 7 33.3419013804497 
804 GX066-60-8064722 8 33.31604976843338 
804 GX019-45-5337133 9 33.28098526416148 
804 GX019-78-6427053 10 33.21693952698012 
804 GX246-77-13094803 11 32.94272075006078 
804 GX253-52-10734166 12 32.763339142930846 
804 GX086-01-0600078 13 32.68461945281591 
804 GX045-98-13455252 14 32.49560999664097 
804 GX006-46-12583641 15 32.33237430305823 
806 GX022-41-15642543 1 34.65202727476869 
806 GX023-48-8218310 2 33.06086311671049 
806 GX066-14-5089049 3 31.597001173284585 
806 GX246-49-12699220 4 30.02206336027784 
806 GX229-88-15511010 5 29.872881172616452 
806 GX064-78-12301593 6 29.46752619283545 
806 GX011-67-9680131 7 28.976286061349352 
806 GX031-01-3503918 8 28.755159906151484 
806 GX041-49-14190742 9 28.178485479976334 
806 GX021-53-14563322 10 28.08816726021214 
806 GX038-23-13693573 11 28.078471503994585 
806 GX049-90-4762744 12 28.010439280092434 
806 GX005-51-9614458 13 27.518938260313078 
806 GX033-80-7559674 14 27.41713474828806 
806 GX005-25-1803978 15 27.386993670564983 
808 GX070-51-11695093 1 29.673706680906335 
808 GX128-60-5973255 2 28.303709691176138 
808 GX008-28-11805650 3 27.413304716607648 
808 GX255-19-3820866 4 27.405002882503435 
808 GX043-85-14867348 5 26.892101351566073 
808 GX261-79-9451326 6 26.40987252400498 
808 GX070-77-5787454 7 26.22200986493158 
808 GX070-50-15775402 8 26.137190706027862 
808 GX022-52-15884549 9 23.3006109058945 
808 GX017-56-0016825 10 23.047656684870567 
808 GX016-67-6514424 11 22.60746004980477 
808 GX025-09-9454936 12 21.233647319973947 
808 GX070-52-15173813 13 20.971636180192757 
808 GX155-46-10515136 14 20.372890408005603 
808 GX016-98-0905367 15 19.537007353432227 
810 GX022-69-16620743 1 25.23044751214993 
810 GX213-49-2715084 2 24.09457047114343 
810 GX044-76-16510345 3 23.789526148765486 
810 GX267-74-6332145 4 23.661029480996188 
810 GX188-53-2201428 5 23.56764789766104 
810 GX213-46-8595681 6 23.493813149385332 
810 GX180-47-2097908 7 23.441890492542427 
810 GX267-28-12900426 8 23.32229183458004 
810 GX234-02-11564674 9 22.37609682573554 
810 GX064-75-5382503 10 22.295574283499985 
810 GX267-00-9459533 11 22.28084840293603 
810 GX235-15-5867142 12 22.223277165637526 
810 GX213-45-14487858 13 22.118871841131444 
810 GX266-19-10297904 14 22.014814534980818 
810 GX241-16-13746106 15 21.876357587190846 
811 GX189-73-8334417 1 21.072928516062333 
811 GX018-67-13909364 2 20.160082489193037 
811 GX010-55-9999707 3 19.314868427782145 
811 GX082-48-9500832 4 18.672815175598327 
811 GX253-93-14186056 5 18.565784805960426 
811 GX251-37-3175071 6 18.304167092545164 
811 GX237-17-15940723 7 17.802630593957495 
811 GX232-75-2388276 8 17.56591599068671 
811 GX251-23-11851667 9 17.440776948100783 
811 GX010-06-3453889 10 17.383862713820015 
811 GX011-65-4632316 11 17.019886918340216 
811 GX033-69-6901132 12 16.811327535752593 
811 GX191-36-2802474 13 16.791642551312428 
811 GX024-54-11678482 14 16.72951193289017 
811 GX180-26-2527580 15 16.70773658972526 
812 GX267-21-14280799 1 48.06501828119264 
812 GX271-02-9651465 2 44.73296679852039 
812 GX230-88-4009331 3 43.87344413860035 
812 GX023-43-3968594 4 43.660896332880576 
812 GX066-59-9438565 5 43.618508444712056 
812 GX024-03-11382568 6 43.58608585313948 
812 GX267-93-6929446 7 43.36098962135701 
812 GX006-45-1263946 8 43.34236605030575 
812 GX052-84-11043262 9 43.17373478383174 
812 GX266-93-13179440 10 42.9435518776236 
812 GX265-38-9831044 11 42.94025497560911 
812 GX260-85-15716288 12 42.014002803273854 
812 GX002-29-14905188 13 41.93236786557992 
812 GX250-85-8087518 14 41.8884928701469 
812 GX262-64-8669195 15 41.71576083882472 
816 GX030-57-15098378 1 48.900769737385666 
816 GX038-86-8989005 2 48.47995759605559 
816 GX026-23-10309684 3 48.42304506092371 
816 GX026-26-9070407 4 48.287886035905025 
816 GX235-38-5142996 5 47.84409338009486 
816 GX022-66-2133207 6 47.8421763088046 
816 GX015-13-9609369 7 47.840319896272874 
816 GX014-70-14011315 8 47.46344275835668 
816 GX040-12-0579480 9 45.60816911762157 
816 GX064-84-4890205 10 43.26474709020052 
816 GX253-87-7676575 11 42.10072497194422 
816 GX064-75-16516615 12 42.07088286329576 
816 GX064-74-13216850 13 41.15595858351499 
816 GX026-23-4628208 14 40.50062337848436 
816 GX015-36-10861418 15 40.072854128223284 
817 GX254-08-3417325 1 25.979079933703495 
817 GX264-24-6558871 2 25.361895095632207 
817 GX263-30-2934584 3 25.299566151096762 
817 GX015-38-2566191 4 25.23671543962224 
817 GX271-24-0408195 5 25.03009649746651 
817 GX014-94-14193533 6 25.017210355474727 
817 GX267-79-4343293 7 24.946281534602917 
817 GX014-95-10359167 8 24.710013344256392 
817 GX268-15-0555584 9 24.633686387061545 
817 GX015-15-6220374 10 24.624825668393495 
817 GX107-16-9948365 11 24.55096431990581 
817 GX014-80-13664921 12 24.362305351585753 
817 GX042-17-6081179 13 23.89577252124956 
817 GX015-38-14454442 14 23.637170760657945 
817 GX268-12-3421584 15 23.47809479807428 
818 GX030-32-14289248 1 43.67326362545835 
818 GX021-59-15972269 2 43.39198846991262 
818 GX261-92-7144795 3 43.28464280180886 
818 GX025-19-15369619 4 43.02878419798458 
818 GX011-28-10825698 5 42.99411698241217 
818 GX003-70-15021288 6 42.86391804236024 
818 GX252-39-13365891 7 42.72320599700217 
818 GX045-15-0401046 8 42.176716889976454 
818 GX033-23-16554845 9 42.156155425943595 
818 GX025-15-6373587 10 42.068361806898395 
818 GX058-51-3558897 11 41.6544091114599 
818 GX012-36-6668374 12 41.229192466730126 
818 GX084-21-7474139 13 41.16218365736622 
818 GX009-34-11020662 14 40.765871423897494 
818 GX030-27-12709045 15 40.34284992244244 
820 GX230-72-12721551 1 15.53266475391221 
820 GX010-44-14109977 2 15.515059381943733 
820 GX268-53-16362245 3 15.509411090163182 
820 GX252-98-9794281 4 15.493590575116883 
820 GX243-52-14081007 5 15.491115092091595 
820 GX252-71-1086236 6 15.488815332725402 
820 GX089-50-11510986 7 15.484835674465648 
820 GX265-56-3551483 8 15.475195429291581 
820 GX220-93-5761579 9 15.474316920577742 
820 GX000-46-8625035 10 15.466403610174536 
820 GX245-23-5467402 11 15.465131216547652 
820 GX250-50-4903459 12 15.4614787856799 
820 GX260-35-0819829 13 15.45606697590876 
820 GX033-50-9898679 14 15.451205673484052 
820 GX200-36-3677332 15 15.449817477512727 
821 GX003-55-16542221 1 17.07277263359396 
821 GX014-97-2100642 2 16.33741631981428 
821 GX022-59-12383077 3 16.23330829285994 
821 GX013-84-7050535 4 16.22199450248886 
821 GX028-59-2393765 5 16.178366347018134 
821 GX252-55-12761705 6 16.14870265506704 
821 GX000-16-4063715 7 15.966735304378386 
821 GX261-26-1208436 8 15.83289136787419 
821 GX042-93-5729683 9 15.783244661804513 
821 GX244-07-16145528 10 15.697243547835747 
821 GX253-55-4796316 11 15.65986551282602 
821 GX005-48-15082217 12 15.61693064801982 
821 GX069-65-5422067 13 15.519195653702939 
821 GX236-29-13694598 14 15.451810314716312 
821 GX237-12-13623905 15 15.438138351859825 
822 GX235-23-7414037 1 42.30080979055896 
822 GX037-71-7540146 2 42.23395385682383 
822 GX166-66-9711098 3 40.065651461782004 
822 GX131-24-6071984 4 39.44468822214377 
822 GX164-08-13953492 5 39.16625840771918 
822 GX018-57-14414215 6 37.915602018604346 
822 GX067-28-0048945 7 37.762145931262964 
822 GX239-26-12562540 8 37.21376366344805 
822 GX246-36-9319321 9 37.20410822947968 
822 GX109-55-7135234 10 36.72135683401797 
822 GX181-71-3180537 11 36.44527193598025 
822 GX043-36-5117663 12 36.311129237786474 
822 GX095-25-15266137 13 36.12221969395249 
822 GX178-74-6172389 14 35.96454576430813 
822 GX105-01-9234043 15 34.704701094614904 
824 GX254-03-4276629 1 19.733834624932406 
824 GX252-16-4340076 2 19.650197386976398 
824 GX254-38-10181753 3 19.64472824915746 
824 GX252-13-10495554 4 19.625444599634882 
824 GX030-03-9111269 5 19.562136627548348 
824 GX261-09-9178639 6 19.52345015871583 
824 GX239-90-2352360 7 19.38860619598716 
824 GX009-91-0618518 8 19.301876176573334 
824 GX018-13-7583716 9 19.086797544546076 
824 GX000-70-12794819 10 19.066149938670733 
824 GX046-64-6569218 11 18.928765102487734 
824 GX032-89-3670258 12 18.660138571318402 
824 GX046-25-14792040 13 18.419436932106013 
824 GX238-18-1607988 14 18.23731184050876 
824 GX040-21-15865254 15 18.059848762162783 
825 GX234-97-13166436 1 20.93237099377513 
825 GX020-12-13717521 2 20.145628072476192 
825 GX146-00-9598184 3 19.90112905589933 
825 GX237-60-4099133 4 19.866203023297416 
825 GX272-04-8463845 5 19.548966504008867 
825 GX240-77-13484940 6 19.0357992136467 
825 GX036-91-10167595 7 18.930961283253282 
825 GX271-47-0359141 8 18.913857552063824 
825 GX036-43-7999916 9 18.820202619363684 
825 GX271-37-16512153 10 18.674279145688434 
825 GX233-68-4574710 11 18.0092756407118 
825 GX267-57-14720787 12 17.933321979661574 
825 GX070-49-10954464 13 17.552486767624224 
825 GX218-22-3186619 14 17.53082239392652 
825 GX020-92-4659874 15 17.513148643801586 
826 GX267-93-9587196 1 25.950816430778236 
826 GX064-27-6823868 2 25.69778105779927 
826 GX241-43-11671277 3 25.319654115812554 
826 GX261-17-12418628 4 25.1070795879778 
826 GX063-62-9718669 5 25.080962975027223 
826 GX037-87-3234203 6 25.07977755493969 
826 GX087-29-12946348 7 25.06347207068201 
826 GX260-84-10216270 8 24.942234694186123 
826 GX036-47-15347018 9 24.91299884088181 
826 GX240-79-7164646 10 24.648193801917017 
826 GX121-08-13739973 11 24.24173619238158 
826 GX008-29-13877144 12 24.227410875248133 
826 GX247-19-5867028 13 24.1961147699622 
826 GX245-72-3511604 14 23.993698336286272 
826 GX234-53-13104105 15 23.894939510240892 
829 GX011-27-9771637 1 19.079203536584053 
829 GX007-42-9913815 2 17.745044585969147 
829 GX088-80-6633992 3 17.502767646543717 
829 GX234-11-2461627 4 17.24252109784642 
829 GX037-53-15444663 5 17.021816535591142 
829 GX050-55-2137085 6 16.727856601965264 
829 GX237-52-10725121 7 16.271426663311928 
829 GX065-59-3759694 8 15.986688753414358 
829 GX254-43-2994267 9 15.885580886054502 
829 GX069-67-14003424 10 15.220091290902937 
829 GX225-53-8689997 11 15.078392508158917 
829 GX214-23-12229917 12 15.056712288566496 
829 GX176-94-8729866 13 15.03375185169336 
829 GX083-43-0842918 14 14.986182775454918 
829 GX237-90-16378363 15 14.971783537560023 
830 GX008-08-11752389 1 20.55363827752155 
830 GX261-27-9112439 2 20.09117586556587 
830 GX009-01-4088053 3 20.08273426483864 
830 GX268-85-12940758 4 20.064103784732787 
830 GX272-18-5450329 5 19.64315662352166 
830 GX090-73-7660944 6 19.421084800496665 
830 GX239-01-13420521 7 19.26741373508421 
830 GX070-20-6909524 8 19.147687587321464 
830 GX232-00-15789899 9 19.064950747801078 
830 GX005-12-14373398 10 18.81383532489543 
830 GX263-93-7298061 11 18.807426559072425 
830 GX271-75-11892784 12 18.782772057419145 
830 GX025-94-3114347 13 18.746586868753262 
830 GX234-24-11100054 14 18.675296272718292 
830 GX157-68-7618980 15 18.662755737075393 
831 GX240-66-12054508 1 26.81081884113125 
831 GX237-47-7639117 2 26.660039907790015 
831 GX004-31-1345749 3 26.622360016170614 
831 GX263-53-9904447 4 26.191284840169835 
831 GX233-98-9002704 5 26.177942196164977 
831 GX026-51-5729810 6 26.008110963301398 
831 GX021-27-6784931 7 25.167765018221445 
831 GX060-72-11179254 8 24.927719871073265 
831 GX002-58-12452923 9 24.881259038583387 
831 GX232-85-2201717 10 24.832245653404478 
831 GX049-06-7535683 11 24.596491476141892 
831 GX232-24-14236902 12 24.57068773676361 
831 GX234-67-10771979 13 24.214529653456218 
831 GX236-87-6564508 14 24.09754547872992 
831 GX238-79-14696439 15 24.0919317939145 
834 GX050-70-12938120 1 27.157572558355866 
834 GX010-35-15955392 2 27.15746368024171 
834 GX230-72-2449988 3 27.06042950032345 
834 GX046-42-1935898 4 27.010511516491217 
834 GX261-24-2420173 5 26.976226705613712 
834 GX004-25-13019835 6 26.901682313481466 
834 GX062-92-2826724 7 26.81742281782428 
834 GX236-15-7664287 8 26.70510457749082 
834 GX063-02-13230837 9 26.68323053923055 
834 GX047-20-0263014 10 26.664352318191554 
834 GX098-17-3663570 11 26.49292332739102 
834 GX110-47-3427481 12 26.429726204918545 
834 GX062-94-11686986 13 26.403655492005356 
834 GX024-50-1186383 14 26.37793013247147 
834 GX252-84-7297511 15 26.225161358482005 
835 GX268-73-5931894 1 36.802689626820424 
835 GX016-39-6070174 2 35.22746700429279 
835 GX231-24-0148838 3 34.23080100652521 
835 GX095-72-6672794 4 33.7921074795292 
835 GX100-24-12616635 5 33.49374394007464 
835 GX095-92-14582950 6 32.940106686903746 
835 GX247-25-8818418 7 32.81438687068591 
835 GX031-09-15928290 8 32.71406931350795 
835 GX241-87-10486932 9 32.04922961805224 
835 GX033-97-14582261 10 32.00558222355097 
835 GX101-02-8389981 11 31.805775608331487 
835 GX004-75-0648415 12 31.60329220928797 
835 GX100-60-15152425 13 31.58000479949707 
835 GX081-27-8269549 14 31.272065139790314 
835 GX089-08-11305552 15 31.206073335318287 
836 GX010-10-14855600 1 22.43020975243939 
836 GX252-05-4050012 2 22.407677369322542 
836 GX260-17-4221161 3 22.38061371548674 
836 GX018-21-8078798 4 22.17445866717486 
836 GX053-14-3780529 5 22.150556160453437 
836 GX003-83-11164453 6 22.113882626844582 
836 GX021-20-10217024 7 22.046851523289646 
836 GX105-18-6215668 8 22.00636631374476 
836 GX010-16-8667301 9 21.94784926581649 
836 GX027-20-2195171 10 21.93538311684823 
836 GX093-58-13513658 11 21.839320867468906 
836 GX232-78-11859812 12 21.793634890989942 
836 GX091-52-12530404 13 21.69290548460547 
836 GX008-01-12414765 14 21.691636255632275 
836 GX007-86-11212285 15 21.64089013911135 
837 GX005-29-0821498 1 26.454851546949026 
837 GX011-91-3185599 2 26.411117751523832 
837 GX103-04-14229272 3 25.95283194127196 
837 GX001-88-10313818 4 25.898942564790822 
837 GX204-56-14543958 5 25.628530924117698 
837 GX179-52-13684519 6 25.57017298745234 
837 GX004-87-7491531 7 25.299407549782238 
837 GX237-23-0568502 8 25.181069582796532 
837 GX268-35-8368439 9 24.963743259176972 
837 GX045-11-15092402 10 24.9260022254045 
837 GX065-17-13879707 11 24.440117817653196 
837 GX009-76-10150857 12 24.087613046553805 
837 GX085-17-15688851 13 23.700172490603933 
837 GX259-32-3378756 14 23.142051308614363 
837 GX024-71-15217058 15 23.032038228613533 
838 GX232-48-1902049 1 27.41186679527641 
838 GX238-11-13745370 2 26.98251446423765 
838 GX229-63-3277592 3 26.146140776430343 
838 GX230-77-7471245 4 25.964970446641995 
838 GX260-20-6160200 5 25.58939829415811 
838 GX011-49-5606104 6 24.6255421247422 
838 GX257-03-4445289 7 24.502190054117538 
838 GX229-31-14179443 8 24.179748167220556 
838 GX235-18-4090845 9 23.82528722018116 
838 GX271-56-3091722 10 23.73262486705734 
838 GX259-07-16367080 11 23.64573450343038 
838 GX259-02-13424543 12 23.560927555229117 
838 GX074-50-8588813 13 23.31596945807838 
838 GX261-69-16733268 14 23.275018482061725 
838 GX264-66-10683137 15 23.235620461821554 
841 GX027-67-15668749 1 27.046845740995686 
841 GX127-16-9310889 2 26.567548481294452 
841 GX002-28-13261191 3 25.269777739106548 
841 GX248-78-6134907 4 24.65541916795487 
841 GX041-18-10848805 5 23.809236970635883 
841 GX252-09-11403644 6 23.249720419251087 
841 GX056-72-14985947 7 23.244967592585546 
841 GX024-44-6365677 8 22.504428778819523 
841 GX231-95-1450908 9 22.13373199986108 
841 GX079-23-15594502 10 22.0947938616749 
841 GX004-63-5127682 11 21.620884860061853 
841 GX266-62-8151250 12 21.515870139698734 
841 GX070-14-7965871 13 21.345670485390855 
841 GX256-95-6418273 14 21.11794459225998 
841 GX059-35-15142805 15 20.994580783445283 
843 GX257-02-10481993 1 22.331294343604302 
843 GX048-49-13793146 2 22.198202802999134 
843 GX079-26-11052957 3 22.1850772447197 
843 GX013-38-0620682 4 22.021093435857736 
843 GX028-81-6905189 5 21.8778516199148 
843 GX026-12-14620143 6 21.803651204191272 
843 GX047-51-8183369 7 21.627685054063036 
843 GX031-54-7621081 8 21.5450563513707 
843 GX059-62-14357337 9 21.163089788192494 
843 GX012-79-9421897 10 21.152286778455252 
843 GX043-40-4282517 11 21.13807440341909 
843 GX027-09-0083985 12 21.04730288184752 
843 GX159-62-4590860 13 20.83781413340597 
843 GX068-13-10605021 14 20.705104844238612 
843 GX061-40-10042086 15 20.524915519093554 
846 GX239-08-8964547 1 25.939552493088684 
846 GX226-56-7245665 2 25.199274492304667 
846 GX020-58-9566030 3 24.37641721996649 
846 GX226-39-15738172 4 24.16442853358926 
846 GX011-76-8632332 5 23.71348406382495 
846 GX028-54-13597431 6 23.705798668264833 
846 GX012-43-6578856 7 23.41167008231418 
846 GX019-33-11484591 8 22.8085262413915 
846 GX266-47-2889962 9 22.462878060919774 
846 GX002-51-9932648 10 22.40157989235921 
846 GX011-09-11087530 11 22.356586826534542 
846 GX252-10-11882812 12 22.344083838459866 
846 GX240-31-13546854 13 22.324703866837105 
846 GX226-51-4781228 14 22.296975998394462 
846 GX232-84-11687135 15 22.173643187964416 
847 GX009-60-11892722 1 21.503759927255384 
847 GX010-06-10730361 2 21.18850341895511 
847 GX066-45-10029321 3 20.85845982839362 
847 GX029-89-7943366 4 20.613157317489453 
847 GX002-66-5653434 5 20.483538369936795 
847 GX167-80-0836865 6 20.20289008644889 
847 GX184-68-7173870 7 19.318699253875163 
847 GX123-54-10403660 8 19.279981535631396 
847 GX024-62-4321660 9 18.854207759208517 
847 GX123-45-5659840 10 18.822605517644575 
847 GX004-81-3891531 11 18.66704800058124 
847 GX262-60-7192993 12 18.4409258704741 
847 GX123-48-1288158 13 18.32785061819487 
847 GX259-98-5103878 14 18.01746193342732 
847 GX005-01-16278212 15 18.004729955347642 
849 GX016-50-3666937 1 28.012704081941294 
849 GX000-76-2231612 2 27.29233094720955 
849 GX237-92-11082513 3 27.23143139771044 
849 GX232-66-2029184 4 26.88313162786598 
849 GX243-31-0005184 5 26.709748437653214 
849 GX075-50-8481570 6 26.565927533167294 
849 GX022-37-1899131 7 26.436108262773946 
849 GX246-58-11423708 8 26.370759615325092 
849 GX031-50-3986616 9 26.075482254902468 
849 GX060-66-15706411 10 25.99422172101538 
849 GX001-17-2932555 11 25.71878893065724 
849 GX027-24-13868034 12 25.412127193176584 
849 GX085-66-14842984 13 25.347058770708877 
849 GX070-60-1921723 14 25.33837434232923 
849 GX041-94-13387313 15 25.238077675028507 
850 GX257-86-3501434 1 24.38406258559245 
850 GX252-88-12567862 2 24.084661709681782 
850 GX004-44-3032610 3 23.87687196464015 
850 GX237-24-14679386 4 23.81880604804219 
850 GX068-88-2128293 5 23.770819153948835 
850 GX244-43-12718100 6 23.77026386325395 
850 GX009-25-8099699 7 23.681878131555152 
850 GX027-16-1696240 8 23.490801332330662 
850 GX257-76-4276271 9 23.366440842063543 
850 GX251-01-16552332 10 23.13156884813516 
850 GX258-10-2678893 11 22.828759292158402 
850 GX263-75-12209490 12 22.82780801849986 
850 GX251-30-9133269 13 22.66587654005422 
850 GX009-75-7819649 14 22.474099066420074 
850 GX262-63-16365379 15 22.373823035015732 
